764583802 331683454
133784327 1034819196
878132074 745489246
1360008979 899407469
1508598078 1299675250
641544676 1101925589
1095724938 1446216405
227376368 886385343
1411503886 361292275
551838354 1768103615
1531210629 1724407915
1689464403 713794548
1607734632 922199444
2131973051 968415546
1683531883 238490921
1932505331 2019174584
959773126 945376178
1346198009 1028437219
5725982 893443426
1304598363 7178262
664794989 653365994
1685042988 634039904
703528048 462913419
1293163311 1960880997
1085268964 786029661
1366131379 1538659435
1312765767 377472522
1529257412 1620424887
1968762099 1619150462
65263071 315582432