2542592393026885507715496646813780220945054040571721231
10585802725247397713156061118182609163458497640206451131709690692246059419663254768654192151365247897971348454997593808373144063645018099899477074524185108681913644791617015762928968316457818468660472
3919377061614427623668052985592742430389065042819420493170692719480242247392252775480208752179017313071371501566248877239254299341332131655760767122899079117071192049598939666199865808814650408864891823186505
19423943329837670082661223262500259061971330617623242503763837163697569
412986819712346493611195411383827409934884076105338432187865946722511205681167419748123598380002157658381536968436929608311101496272839009791376254928568258611725
55
34468260105109870017385177312438050697027533834851412505302058429736597230270443860863973247044430446588302156705501747391672816199086845
187341518601536966291015050946540312701895836604078191803255601777
4176188314410464025148116525118839856571907649518456624120477965205524606115754507996484677228773
308061521170129
71475741101189412742769247087723124849319287965583917066331387147956301634979424652609784580176454317944597102472834550703922926373241266532456045433938395737
927372692193078999176
22672251986760597700995656068373604123903743609486608186281779052193478255921357148383919048426173301181358627445942891
2964380256264737027751613972484188318342902629413059592340951144698015550421029677866167691172936753460125107751808201405322412504014729683541789208526919678625616709698816597250508762424479215217
34
2706074082469569338358691163510069157